0.019971402430657315
0.0019260912170673363
0.09798518910751228
0.5468943364294029
0.4992554189986488
0.5175114426610966
0.7832446953083828
0.856336384579201
0.643009933822267
0.4519626225637965
0.5201780415828022
0.2070939850423736
0.7219138315373252
0.748504677051721
0.15986545682080236
0.08658178261334286
0.4564011283455545
0.09160176671422968
0.24113249804697653
0.29725650897667333
0.5574180184871553
0.1367234303780208
0.3355775559382318
0.1806953081037062
0.20970413913681918
0.32752704228598506
0.07614577951300762
0.3329641621282886
0.1240247404135998
0.0005956981920254229
0.7502031498230942
0.2749157404490195
0.027488075897496606
0.8704215396171111
0.9492943628335752
0.6449091593484736
0.6592849689659931
0.02802386796185374
0.08532423188888785
0.3170036241716205
0.01761023215704203
0.007722816998320624
0.8954794965679038
0.1334495132261386
0.4120533885536486
0.3526590930869187
0.8114779718333861
0.18378652998303024
0.7725250332038875
0.9212652303509703
0.0341643012798982
0.12804450748220964
0.4036909016560855
0.5291265737374966
0.02625313016614534
0.37469379097654637
0.44110965313382366
0.893687637718754
0.09647716382387274
0.013243087760510835
0.24775590800913885
0.040311609579939636
0.293462941690168
0.24716203152399135
0.791278942092872
0.5577596987435978
0.9674390856492637
0.6036821904595908
0.5705629525576135
0.8332690873360735
0.9139564022806694
0.7340024656755967
0.7807034932679809
0.5971852108351744
0.5387820133703144
0.9133674009698669
0.7060189443263503
0.9377933584488837
0.6643335075734642
0.37268725965966093
0.37498108901710997
0.20019148919716578
0.24736225445380863
0.11151940842295581
0.6017272361934984
0.03178643076350487
0.19657131881725556
0.014712026574131308
0.3128953079199291
0.0883908306055523
0.12037584639161718
0.028148463727100753
0.15343814806166484
0.12469730804005154
0.09155202931276656
0.8978905488253852
0.16812875892616105
0.031460266820151205
0.4941288278238623
0.8060230064436131
0.8273522882250668
0.2718517917237478
0.14012707763490703
0.04587569860341696
0.8128513164134462
0.06814371578238956
0.8086126747395181
0.12283419404813833
0.6301055692898017
0.025347829280474445
0.39549819826856264
0.8323005819513372
0.5705301904507453
0.4945072435829556
0.5313444972959853
0.8921734441524746
0.8003678345879601
0.4582379373761654
0.1975561171780381
0.4173434446437033
0.29145550144888427
0.5161836326789113
0.5609695739267417
0.17325323095038117
0.7506855896169969
0.8078238174866158
0.014368825255709532
0.34126119636185404
0.1121162961753772
0.2068168677099152
0.03935383173285644
0.07783145058832867
0.6495944644836326
0.1300836379389172
0.9021762603303527
0.13855273675635169
0.07900828255286754
0.5522146024897483
0.1470393179345831
0.47578502776948445
0.2862346225741136
0.06821507290102755
0.06700925439426308
0.9310319244726815
0.707009666945907
0.569677980882683
0.11767209877794121
0.004484009417457725
0.7012384775266584
0.8589775689172073
0.31214966263237637
0.8700467370876339
0.11873314013729327
0.5197011246408462
0.25970418713902216
0.6150135852084528
0.2849393322459939
0.43603550218387804
0.8689174325828352
0.0451114606222172
0.8187697844026294
0.8183321246912416
0.04117707363723365
0.0019037145240786543
0.3052346897949618
0.043471826163271055
0.5419516389889392
0.795771035694143
0.42279475557522295
0.5283019735051511
0.29180602242112486
0.5248198280683297
0.014518801456611483
0.42664672433930606
0.13546313540831884
0.8859511105120412
0.020347151617021067
0.022920327799890543
0.8477991493916823
0.1791425502780821
0.26392737746159856
0.644694964356705
0.0019400682609434154
0.06290397929779871
0.9166528455035708
0.310505388673993
0.1476663821910784
0.07847398513565874
0.6562844827574468
0.16109637577304528
0.07397339053896086
0.30835223753423296
0.41899256495150716
0.7713103355371447
0.6708966336885736
0.004809070010699283
0.22349818071369712
0.5604657831636266
0.5216739102504959
0.8426694742075362
0.0699397430814156
0.29514379484336356
0.19804078422001822
0.4907502652896054
0.11802645331097691
0.5914424133745504
0.23682581765294441
0.012747836700243516
0.18857215268986374
0.47365917663506973
0.2972072263676185
0.5389852491132846
0.38327725948142
0.035187414438983065
0.22099570582949868
0.7145736062423022
0.008445865991421218
0.48058159221015573
0.08231090863056481
0.03739595330300118
0.8656298750903131
0.04797930907085946
0.8912537814523719
0.11890260539522435
0.09187791794344491
0.853244102002874
0.6201496742119919
0.045284920190191175
0.9717203648778938
0.37813732537630845
0.15353653831085204
0.613907032253804
0.568213240374869
0.6396871001044127
0.1660447178080706
0.5207538989739893
0.0008549735034872837
0.25042583589148176
0.39368112846784054
0.23755269253042724
0.5063099887971833
0.6267137030137614
0.5319672943514961
0.4102893758680222
0.44804845762240914
0.27381055247433594
0.6964541239040507
0.03396984872352086
0.022137357179035817
0.18565011101538165
0.25111268671462295
0.14681776906292296
0.027468134839074513
0.6522460633625042
0.14376415762527608
0.9956661964854442
0.06681318024920768
0.9604720529968122
0.46671050642114253
0.6574240707504406
0.2801987969171469
0.05892941613961796
0.9256461843013354
0.19050674610063628
0.3207942187063432
0.3272106490750066
0.18701226627027043
0.024127895560718274
0.66790771578356
0.1371209686916291
0.23104980400791372
0.6728299561443777
0.010629704341034482
0.09653806804525761
0.046288326471719425
0.18179427542930116
0.40891942998586706
0.9382823583204772
0.4309780536559678
0.34623958628903845
0.05653268443252189
0.1364905660381846
0.057239663140514006
0.6880655308786239
0.054864518008178806
0.8363426439261523
0.661366600801255
0.2565668648497137
0.4795884249807657
0.1434185788603679
0.07726534583233818
0.4408564882464298
0.056889643870591186
0.0896132751643959
0.44189088693151235
0.6017423274839018
0.4571509004956874
0.09214327614572974
0.47763151242522817
0.2213394130065897
0.11783002869523934
0.5503652882014165
