-6.67
2.89
-3.34
-4.3
-5.02
-5.35
-6.51
-5.23
-6.25
-5.81
-6.78
-6.61
-6.09
-7.28
-9.04
-9.1
-7.01
-8.05
-6.73
-6.74
-8.23
-3.62
-4.71
-4.87
-3.94
-4.39
-2.77
-4.58
-5.49
-3.14
-5.2
-1.48
-3.68
-0.86
-0.61
-1.64
1.58
3.23
3.35
4.13
8.0
9.4
12.59
9.72
16.6
16.77
19.95
21.61
17.86
19.6
21.87
24.16
25.98
24.61
29.09
29.07
30.13
31.88
34.77
34.62
33.6
34.24
35.71
40.34
38.04
39.55
43.86
44.1
45.82
51.31
50.37
51.72
51.42
49.82
48.62
49.94
48.74
49.56
49.7
51.14
54.38
52.67
52.55
53.69
52.08
54.42
53.87
53.79
54.13
53.65
59.96
59.8
59.22
56.77
59.38
55.77
57.28
56.07
54.53
56.0
55.52
54.85
51.62
53.56
42.91
41.72
45.24
47.52
44.28
40.79
43.25
42.81
43.12
39.72
42.46
37.16
36.77
35.51
37.55
35.92
35.19
32.96
32.97
33.14
32.11
30.44
28.19
27.09
23.03
22.41
22.1
21.8
19.49
17.85
18.13
16.31
15.53
13.44
12.95
6.54
10.69
11.28
9.29
7.03
7.84
4.82
3.65
2.73
0.52
0.73
-3.96
-7.1
-9.78
-12.49
-16.38
-17.5
3.74
-22.96
-0.29
3.05
-0.49
0.34
-3.02
3.13
-2.0
-3.23
-4.34
-5.22
-5.17
-5.82
-4.23
-4.3
-4.52
-4.47
-4.38
0.85
-4.18
-7.6
-5.93
8.71
-3.78
-1.21
-9.0
-7.03
-12.92
-43.14
-34.24
-35.55
-35.99
-18.25
-34.12
-18.15
-8.56
-19.31
-20.52
-20.52
-21.08
-58.4
-17.98
-36.7
-8.01
-4.02
-33.91
-20.74
-48.5
-50.9
-51.78
-50.7
-55.07
-51.76
-51.5
-55.02
-55.47
-14.28
-28.83
-56.07
-59.98
-10.97
-3.68
-39.57
-57.17
-65.81
-12.86
-6.41
-47.35
-13.62
-10.84
-8.53
-19.32
-20.39
-21.16
-20.53
-6.44
-50.8
-11.25
-13.96
-15.71
-54.89
-10.53
-11.09
-10.68
-7.88
-48.25
-60.91
-57.74
-45.65
-7.63
-11.41
-22.28
-7.15
-8.81
-39.61
-40.54
-7.43
-52.98
-31.59
-3.42
-43.43
-21.02
-38.24
-41.44
-40.7
-37.63
-35.44
-37.56
-0.79
8.56
22.74
-31.52
-29.51
-29.07
6.81
-23.18
-22.29
-9.64
-12.91
-20.92
-12.4
-14.57
-20.08
-15.3
9.13
-13.29
19.82
8.09
-7.19
10.93
3.69
1.92
-9.12
15.5
10.35
-28.49
9.78
-31.01
-31.84
-31.06
-34.86
-33.53
-35.06
-34.31
-35.98
