40.8
40.81
43.69
43.9
45.79
48.36
48.94
49.99
52.01
52.44
54.54
53.83
55.03
57.65
57.71
58.56
58.67
59.98
60.19
59.07
56.28
58.46
58.7
60.17
60.83
60.88
60.54
60.75
59.96
58.0
55.54
54.17
53.2
50.85
50.07
50.93
49.55
45.75
45.2
45.66
47.07
48.47
43.06
44.85
38.3
39.3
43.36
37.21
36.7
37.98
42.04
40.55
33.64
42.0
34.69
31.93
33.39
32.23
30.56
29.15
29.41
28.79
33.42
25.27
26.41
25.9
25.63
23.29
32.11
25.69
18.02
12.94
-13.31
-14.39
-4.97
-11.79
-13.0
-12.64
-14.18
14.86
-1.28
-4.32
-10.7
-7.6
0.43
21.86
-5.2
9.27
-17.88
-11.06
-13.49
-14.63
-14.27
2.89
-4.41
-6.77
-16.07
-9.36
-5.52
-7.44
-5.65
-3.99
2.78
-4.43
-5.62
-2.82
-0.03
4.49
1.76
6.26
8.55
12.48
14.35
19.6
14.06
11.79
13.49
18.79
22.39
23.44
24.42
23.6
20.18
22.53
23.84
24.3
28.97
29.59
28.73
31.62
32.94
32.65
33.05
34.26
37.16
35.53
38.65
39.53
40.54
39.84
39.83
40.67
44.18
43.96
44.22
45.38
46.15
47.08
45.5
44.79
45.32
44.63
45.65
46.03
45.31
45.31
44.5
44.7
44.98
43.64
42.85
42.8
42.33
41.51
39.64
38.06
38.26
36.91
35.6
33.41
33.36
30.84
28.32
23.52
21.52
19.32
15.79
15.65
11.5
10.5
5.14
1.34
-3.16
-9.56
-11.82
-27.58
-19.58
-21.66
-25.19
-22.33
-28.97
-22.66
-18.88
-23.82
-25.17
-28.26
-29.34
-57.29
-29.5
-44.55
-28.49
-26.74
-45.78
-32.57
-46.75
-45.78
-46.46
-47.15
-47.64
-45.72
-47.87
-48.81
-48.05
-34.45
-45.25
-55.06
-53.29
-23.51
-41.47
-47.25
-36.84
-67.23
-44.88
-22.23
-64.07
-62.51
-55.94
-59.9
-62.91
-60.8
-58.91
-49.46
-54.62
-58.24
-53.83
-54.9
-55.4
-60.45
-48.82
-46.47
-42.92
-38.61
-50.43
-51.81
-45.98
-41.68
-24.19
-21.91
-22.3
-16.12
-13.75
-27.76
-22.36
-13.93
-20.5
-12.5
-8.42
-6.4
-0.01
-1.64
0.64
5.13
5.51
8.5
8.77
8.7
10.35
15.84
10.89
15.23
14.43
17.25
15.67
20.58
21.1
21.62
23.85
25.82
26.42
29.15
28.84
30.66
34.68
36.34
34.38
38.45
38.21
38.35
38.86
44.65
42.52
43.67
46.01
46.06
48.06
48.45
48.09
48.44
49.79
49.32
49.66
49.13
